0.000000
0.000010
0.000040
0.000089
0.000158
0.000247
0.000356
0.000485
0.000633
0.000801
0.000989
0.001196
0.001423
0.001670
0.001937
0.002223
0.002530
0.002855
0.003201
0.003566
0.003951
0.004355
0.004779
0.005222
0.005685
0.006168
0.006670
0.007192
0.007733
0.008294
0.008874
0.009474
0.010093
0.010731
0.011389
0.012066
0.012762
0.013478
0.014212
0.014966
0.015740
0.016532
0.017344
0.018174
0.019024
0.019893
0.020780
0.021687
0.022613
0.023557
0.024520
0.025502
0.026503
0.027523
0.028561
0.029618
0.030694
0.031788
0.032901
0.034032
0.035181
0.036349
0.037535
0.038740
0.039963
0.041204
0.042463
0.043740
0.045036
0.046349
0.047680
0.049029
0.050396
0.051781
0.053184
0.054604
0.056042
0.057497
0.058970
0.060460
0.061968
0.063493
0.065035
0.066595
0.068171
0.069765
0.071376
0.073004
0.074648
0.076310
0.077988
0.079683
0.081394
0.083122
0.084867
0.086628
0.088405
0.090199
0.092008
0.093834
0.095676
0.097534
0.099408
0.101298
0.103204
0.105125
0.107062
0.109014
0.110982
0.112965
0.114964
0.116978
0.119007
0.121051
0.123110
0.125184
0.127272
0.129376
0.131494
0.133627
0.135774
0.137936
0.140112
0.142302
0.144506
0.146725
0.148957
0.151203
0.153463
0.155737
0.158025
0.160325
0.162640
0.164968
0.167308
0.169663
0.172030
0.174410
0.176803
0.179209
0.181627
0.184058
0.186502
0.188958
0.191426
0.193907
0.196400
0.198904
0.201421
0.203949
0.206489
0.209041
0.211604
0.214179
0.216764
0.219362
0.221970
0.224589
0.227219
0.229860
0.232512
0.235174
0.237846
0.240529
0.243223
0.245926
0.248640
0.251363
0.254096
0.256839
0.259592
0.262354
0.265125
0.267906
0.270696
0.273495
0.276303
0.279120
0.281946
0.284780
0.287623
0.290474
0.293333
0.296201
0.299077
0.301960
0.304852
0.307751
0.310658
0.313572
0.316493
0.319422
0.322358
0.325301
0.328251
0.331208
0.334172
0.337142
0.340118
0.343101
0.346090
0.349085
0.352086
0.355093
0.358105
0.361124
0.364147
0.367176
0.370211
0.373250
0.376295
0.379344
0.382398
0.385457
0.388521
0.391588
0.394660
0.397737
0.400817
0.403901
0.406989
0.410081
0.413176
0.416275
0.419376
0.422482
0.425590
0.428701
0.431815
0.434932
0.438051
0.441173
0.444297
0.447423
0.450551
0.453682
0.456814
0.459947
0.463083
0.466220
0.469358
0.472497
0.475638
0.478779
0.481922
0.485065
0.488208
0.491352
0.494497
0.497641
0.500786
0.503931
0.507075
0.510220
0.513364
0.516507
0.519650
0.522791
0.525932
0.529072
0.532211
0.535349
0.538485
0.541620
0.544753
0.547884
0.551013
0.554140
0.557265
0.560388
0.563509
0.566627
0.569742
0.572855
0.575965
0.579071
0.582175
0.585275
0.588372
0.591466
0.594555
0.597642
0.600724
0.603802
0.606876
0.609946
0.613012
0.616073
0.619129
0.622181
0.625228
0.628270
0.631307
0.634339
0.637365
0.640386
0.643402
0.646411
0.649415
0.652413
0.655405
0.658391
0.661371
0.664344
0.667311
0.670271
0.673224
0.676171
0.679111
0.682043
0.684968
0.687886
0.690797
0.693700
0.696595
0.699483
0.702362
0.705234
0.708097
0.710953
0.713800
0.716638
0.719468
0.722289
0.725102
0.727905
0.730700
0.733485
0.736262
0.739028
0.741786
0.744534
0.747272
0.750000
0.752718
0.755427
0.758125
0.760813
0.763491
0.766159
0.768816
0.771462
0.774097
0.776722
0.779336
0.781938
0.784530
0.787110
0.789679
0.792236
0.794782
0.797317
0.799839
0.802350
0.804848
0.807335
0.809809
0.812271
0.814721
0.817159
0.819583
0.821996
0.824395
0.826782
0.829155
0.831516
0.833864
0.836198
0.838519
0.840827
0.843121
0.845401
0.847668
0.849922
0.852161
0.854386
0.856598
0.858795
0.860978
0.863147
0.865301
0.867441
0.869567
0.871678
0.873774
0.875855
0.877922
0.879973
0.882010
0.884031
0.886037
0.888028
0.890004
0.891964
0.893909
0.895838
0.897751
0.899649
0.901531
0.903397
0.905247
0.907081
0.908898
0.910700
0.912486
0.914255
0.916008
0.917744
0.919464
0.921167
0.922853
0.924523
0.926176
0.927812
0.929432
0.931034
0.932619
0.934187
0.935738
0.937272
0.938788
0.940287
0.941769
0.943233
0.944679
0.946108
0.947520
0.948913
0.950289
0.951647
0.952988
0.954310
0.955614
0.956901
0.958169
0.959419
0.960651
0.961865
0.963060
0.964237
0.965396
0.966536
0.967658
0.968761
0.969846
0.970913
0.971960
0.972989
0.973999
0.974991
0.975964
0.976918
0.977853
0.978769
0.979666
0.980544
0.981403
0.982243
0.983064
0.983866
0.984649
0.985413
0.986157
0.986883
0.987589
0.988275
0.988943
0.989591
0.990219
0.990829
0.991418
0.991989
0.992540
0.993071
0.993583
0.994076
0.994549
0.995002
0.995436
0.995850
0.996244
0.996619
0.996974
0.997310
0.997626
0.997922
0.998199
0.998456
0.998693
0.998910
0.999108
0.999286
0.999444
0.999582
0.999701
0.999800
0.999879
0.999938
0.999978
0.999998
0.999998
0.999978
0.999938
0.999879
0.999800
0.999701
0.999582
0.999444
0.999286
0.999108
0.998910
0.998693
0.998456
0.998199
0.997922
0.997626
0.997310
0.996974
0.996619
0.996244
0.995850
0.995436
0.995002
0.994549
0.994076
0.993583
0.993071
0.992540
0.991989
0.991418
0.990829
0.990219
0.989591
0.988943
0.988275
0.987589
0.986883
0.986157
0.985413
0.984649
0.983866
0.983065
0.982243
0.981403
0.980544
0.979666
0.978769
0.977853
0.976918
0.975964
0.974991
0.973999
0.972989
0.971960
0.970913
0.969846
0.968761
0.967658
0.966536
0.965396
0.964237
0.963060
0.961864
0.960651
0.959419
0.958169
0.956901
0.955614
0.954310
0.952988
0.951647
0.950289
0.948913
0.947520
0.946108
0.944679
0.943233
0.941769
0.940287
0.938788
0.937272
0.935738
0.934187
0.932619
0.931034
0.929432
0.927812
0.926176
0.924523
0.922853
0.921167
0.919464
0.917744
0.916008
0.914255
0.912486
0.910700
0.908898
0.907081
0.905247
0.903397
0.901531
0.899649
0.897751
0.895838
0.893909
0.891964
0.890004
0.888028
0.886037
0.884031
0.882010
0.879973
0.877922
0.875855
0.873774
0.871678
0.869567
0.867441
0.865301
0.863147
0.860978
0.858795
0.856598
0.854386
0.852161
0.849922
0.847668
0.845401
0.843121
0.840827
0.838519
0.836198
0.833864
0.831516
0.829155
0.826782
0.824395
0.821996
0.819584
0.817159
0.814721
0.812272
0.809809
0.807335
0.804848
0.802350
0.799839
0.797317
0.794782
0.792236
0.789679
0.787110
0.784530
0.781938
0.779336
0.776722
0.774097
0.771462
0.768815
0.766159
0.763491
0.760813
0.758125
0.755427
0.752718
0.750000
0.747272
0.744533
0.741786
0.739028
0.736261
0.733485
0.730700
0.727905
0.725102
0.722289
0.719468
0.716638
0.713800
0.710953
0.708097
0.705234
0.702362
0.699483
0.696595
0.693700
0.690797
0.687886
0.684968
0.682043
0.679111
0.676171
0.673224
0.670271
0.667311
0.664344
0.661371
0.658391
0.655405
0.652413
0.649415
0.646411
0.643402
0.640386
0.637365
0.634339
0.631307
0.628270
0.625228
0.622181
0.619129
0.616073
0.613012
0.609946
0.606876
0.603802
0.600724
0.597642
0.594555
0.591466
0.588372
0.585275
0.582175
0.579071
0.575965
0.572855
0.569742
0.566627
0.563509
0.560388
0.557266
0.554140
0.551013
0.547884
0.544753
0.541620
0.538485
0.535349
0.532211
0.529072
0.525933
0.522792
0.519650
0.516507
0.513364
0.510220
0.507076
0.503931
0.500786
0.497641
0.494497
0.491352
0.488208
0.485065
0.481922
0.478779
0.475638
0.472497
0.469358
0.466220
0.463083
0.459947
0.456814
0.453682
0.450551
0.447423
0.444297
0.441173
0.438051
0.434932
0.431815
0.428701
0.425590
0.422482
0.419376
0.416275
0.413176
0.410081
0.406989
0.403901
0.400817
0.397737
0.394660
0.391588
0.388521
0.385457
0.382398
0.379344
0.376295
0.373250
0.370211
0.367176
0.364147
0.361124
0.358105
0.355093
0.352086
0.349085
0.346090
0.343101
0.340118
0.337142
0.334172
0.331208
0.328251
0.325301
0.322358
0.319422
0.316493
0.313572
0.310658
0.307751
0.304852
0.301960
0.299077
0.296201
0.293333
0.290474
0.287623
0.284780
0.281946
0.279120
0.276303
0.273495
0.270696
0.267906
0.265125
0.262354
0.259592
0.256839
0.254096
0.251363
0.248640
0.245926
0.243223
0.240529
0.237846
0.235174
0.232512
0.229860
0.227219
0.224589
0.221970
0.219362
0.216765
0.214179
0.211604
0.209041
0.206489
0.203949
0.201421
0.198904
0.196399
0.193907
0.191426
0.188958
0.186502
0.184058
0.181627
0.179209
0.176803
0.174410
0.172030
0.169663
0.167308
0.164968
0.162640
0.160325
0.158025
0.155737
0.153463
0.151203
0.148957
0.146725
0.144506
0.142302
0.140112
0.137936
0.135774
0.133627
0.131494
0.129376
0.127272
0.125184
0.123110
0.121051
0.119007
0.116978
0.114964
0.112965
0.110982
0.109014
0.107062
0.105125
0.103204
0.101298
0.099408
0.097534
0.095676
0.093834
0.092008
0.090199
0.088405
0.086628
0.084867
0.083122
0.081394
0.079683
0.077988
0.076310
0.074648
0.073004
0.071376
0.069765
0.068171
0.066595
0.065035
0.063493
0.061968
0.060460
0.058970
0.057497
0.056042
0.054604
0.053184
0.051781
0.050396
0.049029
0.047680
0.046349
0.045036
0.043740
0.042463
0.041204
0.039963
0.038740
0.037536
0.036349
0.035181
0.034032
0.032901
0.031788
0.030694
0.029618
0.028561
0.027523
0.026503
0.025502
0.024520
0.023557
0.022613
0.021687
0.020780
0.019893
0.019024
0.018174
0.017344
0.016532
0.015740
0.014966
0.014212
0.013478
0.012762
0.012066
0.011389
0.010731
0.010093
0.009474
0.008874
0.008294
0.007733
0.007192
0.006670
0.006168
0.005685
0.005222
0.004779
0.004355
0.003951
0.003566
0.003201
0.002855
0.002530
0.002223
0.001937
0.001670
0.001423
0.001196
0.000989
0.000801
0.000633
0.000485
0.000356
0.000247
0.000158
0.000089
0.000040
0.000010
0.000000
